CameraParameters1:
  DistortionModel: plumb_bob
  FocalLength: [107.90571441572453, 107.72563590843306]
  PrincipalPoint: [161.98469919300524, 122.90662837672159]
  RadialDistortion: [0.20204766177489575, -0.20701660197383975, 0.04664016083065215]
  TangentialDistortion: [0.0, 0.0]
CameraParameters2:
  DistortionModel: plumb_bob
  FocalLength: [108.39992852942052, 108.24124616545905]
  PrincipalPoint: [158.22497555373627, 125.07686574580718]
  RadialDistortion: [0.21584455241286118, -0.23178195274557964, 0.05742496439103196]
  TangentialDistortion: [0.0, 0.0]
R_ci:
- [0, 0, 0]
- [0, 0, 0]
- [0, 0, 0]
R_lr:
- [0.9999280319766326, -0.005729951785318992, -0.01054032826227035]
- [0.005797438601719755, 0.9999628205720895, 0.006383351719147836]
- [0.010503360081316124, -0.006443999227884623, 0.9999240742681182]
R_rl:
- [0.9999280319766326, 0.005797438601719755, 0.010503360081316124]
- [-0.005729951785318992, 0.9999628205720895, -0.006443999227884623]
- [-0.01054032826227035, 0.006383351719147836, 0.9999240742681182]
acc_bias:
- [0.3341004345703131]
- [0.11205817382812507]
- [0.7428584179687505]
gyro_bias:
- [22.149566650390625]
- [0.93817138671875]
- [0.870819091796875]
r_lr:
- [0]
- [0]
- [0]
t_ci:
- [0]
- [0]
- [0]
time_shift: 0
